1.000000000000000000e+00 0.000000000000000000e+00 1.661538461538461520e-01 4.240282685512367783e-02 0.000000000000000000e+00 0.000000000000000000e+00 2.120141342756183822e-01 2.120141342756183822e-01 2.120141342756183822e-01 0.000000000000000000e+00 1.414141414141414088e-01 0.000000000000000000e+00 3.138461538461538303e-01 2.144927536231883980e-01 1.414141414141414088e-01 0.000000000000000000e+00 0.000000000000000000e+00 0.000000000000000000e+00 0.000000000000000000e+00 0.000000000000000000e+00 0.000000000000000000e+00 0.000000000000000000e+00 2.265372168284789656e-01 4.534005037783375019e-02 0.000000000000000000e+00 0.000000000000000000e+00 1.414141414141414088e-01 0.000000000000000000e+00 0.000000000000000000e+00 0.000000000000000000e+00 0.000000000000000000e+00 7.439999999999999947e-01 0.000000000000000000e+00 1.141304347826086890e-01 5.538461538461538630e-02 0.000000000000000000e+00 0.000000000000000000e+00 0.000000000000000000e+00 0.000000000000000000e+00
0.000000000000000000e+00 1.000000000000000000e+00 0.000000000000000000e+00 0.000000000000000000e+00 0.000000000000000000e+00 0.000000000000000000e+00 0.000000000000000000e+00 0.000000000000000000e+00 0.000000000000000000e+00 0.000000000000000000e+00 0.000000000000000000e+00 0.000000000000000000e+00 0.000000000000000000e+00 0.000000000000000000e+00 0.000000000000000000e+00 0.000000000000000000e+00 0.000000000000000000e+00 0.000000000000000000e+00 0.000000000000000000e+00 0.000000000000000000e+00 0.000000000000000000e+00 0.000000000000000000e+00 0.000000000000000000e+00 0.000000000000000000e+00 0.000000000000000000e+00 0.000000000000000000e+00 0.000000000000000000e+00 0.000000000000000000e+00 0.000000000000000000e+00 0.000000000000000000e+00 0.000000000000000000e+00 0.000000000000000000e+00 0.000000000000000000e+00 0.000000000000000000e+00 0.000000000000000000e+00 0.000000000000000000e+00 0.000000000000000000e+00 0.000000000000000000e+00 0.000000000000000000e+00
1.661538461538461520e-01 0.000000000000000000e+00 1.000000000000000000e+00 1.020408163265306145e-01 0.000000000000000000e+00 0.000000000000000000e+00 1.836734693877551117e-01 1.836734693877551117e-01 1.836734693877551117e-01 0.000000000000000000e+00 2.207792207792207695e-01 0.000000000000000000e+00 2.380952380952380820e-01 1.910112359550561745e-01 2.207792207792207695e-01 0.000000000000000000e+00 0.000000000000000000e+00 0.000000000000000000e+00 0.000000000000000000e+00 0.000000000000000000e+00 0.000000000000000000e+00 0.000000000000000000e+00 2.999999999999999889e-01 5.882352941176470507e-02 0.000000000000000000e+00 0.000000000000000000e+00 2.207792207792207695e-01 0.000000000000000000e+00 0.000000000000000000e+00 0.000000000000000000e+00 0.000000000000000000e+00 1.761658031088082776e-01 0.000000000000000000e+00 1.794195250659630647e-01 7.142857142857142461e-02 0.000000000000000000e+00 0.000000000000000000e+00 0.000000000000000000e+00 0.000000000000000000e+00
4.240282685512367783e-02 0.000000000000000000e+00 1.020408163265306145e-01 1.000000000000000000e+00 0.000000000000000000e+00 0.000000000000000000e+00 4.761904761904761640e-02 4.761904761904761640e-02 4.761904761904761640e-02 0.000000000000000000e+00 6.766917293233082331e-02 0.000000000000000000e+00 1.020408163265306145e-01 5.732484076433121134e-02 6.766917293233082331e-02 0.000000000000000000e+00 0.000000000000000000e+00 0.000000000000000000e+00 0.000000000000000000e+00 0.000000000000000000e+00 0.000000000000000000e+00 0.000000000000000000e+00 1.079136690647481966e-01 4.918032786885245811e-02 0.000000000000000000e+00 0.000000000000000000e+00 6.766917293233082331e-02 0.000000000000000000e+00 0.000000000000000000e+00 0.000000000000000000e+00 0.000000000000000000e+00 5.232558139534883995e-02 0.000000000000000000e+00 5.341246290801186791e-02 6.122448979591836593e-02 0.000000000000000000e+00 0.000000000000000000e+00 0.000000000000000000e+00 0.000000000000000000e+00
0.000000000000000000e+00 0.000000000000000000e+00 0.000000000000000000e+00 0.000000000000000000e+00 1.000000000000000000e+00 0.000000000000000000e+00 0.000000000000000000e+00 0.000000000000000000e+00 0.000000000000000000e+00 0.000000000000000000e+00 0.000000000000000000e+00 0.000000000000000000e+00 0.000000000000000000e+00 0.000000000000000000e+00 0.000000000000000000e+00 0.000000000000000000e+00 1.250000000000000000e-01 0.000000000000000000e+00 1.764705882352941291e-01 0.000000000000000000e+00 0.000000000000000000e+00 0.000000000000000000e+00 0.000000000000000000e+00 0.000000000000000000e+00 4.545454545454545581e-02 1.000000000000000000e+00 0.000000000000000000e+00 0.000000000000000000e+00 0.000000000000000000e+00 0.000000000000000000e+00 0.000000000000000000e+00 0.000000000000000000e+00 0.000000000000000000e+00 0.000000000000000000e+00 0.000000000000000000e+00 0.000000000000000000e+00 0.000000000000000000e+00 1.111111111111111049e-01 4.545454545454545581e-02
0.000000000000000000e+00 0.000000000000000000e+00 0.000000000000000000e+00 0.000000000000000000e+00 0.000000000000000000e+00 1.000000000000000000e+00 0.000000000000000000e+00 0.000000000000000000e+00 0.000000000000000000e+00 0.000000000000000000e+00 0.000000000000000000e+00 0.000000000000000000e+00 0.000000000000000000e+00 0.000000000000000000e+00 0.000000000000000000e+00 1.000000000000000000e+00 3.333333333333333148e-01 1.000000000000000000e+00 0.000000000000000000e+00 0.000000000000000000e+00 1.000000000000000000e+00 3.417721518987341667e-01 0.000000000000000000e+00 0.000000000000000000e+00 1.463414634146341375e-01 0.000000000000000000e+00 0.000000000000000000e+00 0.000000000000000000e+00 0.000000000000000000e+00 0.000000000000000000e+00 1.690140845070422504e-01 0.000000000000000000e+00 0.000000000000000000e+00 0.000000000000000000e+00 0.000000000000000000e+00 3.417721518987341667e-01 0.000000000000000000e+00 0.000000000000000000e+00 1.463414634146341375e-01
2.120141342756183822e-01 0.000000000000000000e+00 1.836734693877551117e-01 4.761904761904761640e-02 0.000000000000000000e+00 0.000000000000000000e+00 1.000000000000000000e+00 1.000000000000000000e+00 1.000000000000000000e+00 0.000000000000000000e+00 1.578947368421052544e-01 0.000000000000000000e+00 3.469387755102040782e-01 2.356687898089172006e-01 1.578947368421052544e-01 0.000000000000000000e+00 0.000000000000000000e+00 0.000000000000000000e+00 0.000000000000000000e+00 0.000000000000000000e+00 0.000000000000000000e+00 0.000000000000000000e+00 2.517985611510791255e-01 4.918032786885245811e-02 0.000000000000000000e+00 0.000000000000000000e+00 1.578947368421052544e-01 0.000000000000000000e+00 0.000000000000000000e+00 0.000000000000000000e+00 0.000000000000000000e+00 2.616279069767442067e-01 0.000000000000000000e+00 1.246290801186943631e-01 6.122448979591836593e-02 0.000000000000000000e+00 0.000000000000000000e+00 0.000000000000000000e+00 0.000000000000000000e+00
2.120141342756183822e-01 0.000000000000000000e+00 1.836734693877551117e-01 4.761904761904761640e-02 0.000000000000000000e+00 0.000000000000000000e+00 1.000000000000000000e+00 1.000000000000000000e+00 1.000000000000000000e+00 0.000000000000000000e+00 1.578947368421052544e-01 0.000000000000000000e+00 3.469387755102040782e-01 2.356687898089172006e-01 1.578947368421052544e-01 0.000000000000000000e+00 0.000000000000000000e+00 0.000000000000000000e+00 0.000000000000000000e+00 0.000000000000000000e+00 0.000000000000000000e+00 0.000000000000000000e+00 2.517985611510791255e-01 4.918032786885245811e-02 0.000000000000000000e+00 0.000000000000000000e+00 1.578947368421052544e-01 0.000000000000000000e+00 0.000000000000000000e+00 0.000000000000000000e+00 0.000000000000000000e+00 2.616279069767442067e-01 0.000000000000000000e+00 1.246290801186943631e-01 6.122448979591836593e-02 0.000000000000000000e+00 0.000000000000000000e+00 0.000000000000000000e+00 0.000000000000000000e+00
2.120141342756183822e-01 0.000000000000000000e+00 1.836734693877551117e-01 4.761904761904761640e-02 0.000000000000000000e+00 0.000000000000000000e+00 1.000000000000000000e+00 1.000000000000000000e+00 1.000000000000000000e+00 0.000000000000000000e+00 1.578947368421052544e-01 0.000000000000000000e+00 3.469387755102040782e-01 2.356687898089172006e-01 1.578947368421052544e-01 0.000000000000000000e+00 0.000000000000000000e+00 0.000000000000000000e+00 0.000000000000000000e+00 0.000000000000000000e+00 0.000000000000000000e+00 0.000000000000000000e+00 2.517985611510791255e-01 4.918032786885245811e-02 0.000000000000000000e+00 0.000000000000000000e+00 1.578947368421052544e-01 0.000000000000000000e+00 0.000000000000000000e+00 0.000000000000000000e+00 0.000000000000000000e+00 2.616279069767442067e-01 0.000000000000000000e+00 1.246290801186943631e-01 6.122448979591836593e-02 0.000000000000000000e+00 0.000000000000000000e+00 0.000000000000000000e+00 0.000000000000000000e+00
0.000000000000000000e+00 0.000000000000000000e+00 0.000000000000000000e+00 0.000000000000000000e+00 0.000000000000000000e+00 0.000000000000000000e+00 0.000000000000000000e+00 0.000000000000000000e+00 0.000000000000000000e+00 1.000000000000000000e+00 0.000000000000000000e+00 0.000000000000000000e+00 0.000000000000000000e+00 0.000000000000000000e+00 0.000000000000000000e+00 0.000000000000000000e+00 0.000000000000000000e+00 0.000000000000000000e+00 0.000000000000000000e+00 9.574468085106382920e-02 0.000000000000000000e+00 0.000000000000000000e+00 0.000000000000000000e+00 0.000000000000000000e+00 0.000000000000000000e+00 0.000000000000000000e+00 0.000000000000000000e+00 3.947368421052631360e-02 2.409638554216867595e-02 2.739726027397260122e-02 2.352941176470588203e-02 0.000000000000000000e+00 2.209944751381215378e-02 3.305785123966942241e-02 3.749999999999999861e-02 0.000000000000000000e+00 0.000000000000000000e+00 0.000000000000000000e+00 0.000000000000000000e+00
1.414141414141414088e-01 0.000000000000000000e+00 2.207792207792207695e-01 6.766917293233082331e-02 0.000000000000000000e+00 0.000000000000000000e+00 1.578947368421052544e-01 1.578947368421052544e-01 1.578947368421052544e-01 0.000000000000000000e+00 1.000000000000000000e+00 0.000000000000000000e+00 3.766233766233766378e-01 4.634146341463414864e-01 1.000000000000000000e+00 0.000000000000000000e+00 0.000000000000000000e+00 0.000000000000000000e+00 0.000000000000000000e+00 0.000000000000000000e+00 0.000000000000000000e+00 0.000000000000000000e+00 7.808219178082191902e-01 5.263157894736841813e-02 0.000000000000000000e+00 0.000000000000000000e+00 3.142857142857142794e-01 0.000000000000000000e+00 0.000000000000000000e+00 0.000000000000000000e+00 0.000000000000000000e+00 1.564245810055865937e-01 0.000000000000000000e+00 1.595441595441595417e-01 6.493506493506492894e-02 0.000000000000000000e+00 0.000000000000000000e+00 0.000000000000000000e+00 0.000000000000000000e+00
0.000000000000000000e+00 0.000000000000000000e+00 0.000000000000000000e+00 0.000000000000000000e+00 0.000000000000000000e+00 0.000000000000000000e+00 0.000000000000000000e+00 0.000000000000000000e+00 0.000000000000000000e+00 0.000000000000000000e+00 0.000000000000000000e+00 1.000000000000000000e+00 0.000000000000000000e+00 0.000000000000000000e+00 0.000000000000000000e+00 0.000000000000000000e+00 0.000000000000000000e+00 0.000000000000000000e+00 0.000000000000000000e+00 0.000000000000000000e+00 0.000000000000000000e+00 0.000000000000000000e+00 0.000000000000000000e+00 0.000000000000000000e+00 0.000000000000000000e+00 0.000000000000000000e+00 0.000000000000000000e+00 0.000000000000000000e+00 0.000000000000000000e+00 0.000000000000000000e+00 0.000000000000000000e+00 0.000000000000000000e+00 4.522613065326633319e-02 1.578947368421052544e-01 0.000000000000000000e+00 0.000000000000000000e+00 2.692307692307692180e-01 2.244897959183673464e-01 0.000000000000000000e+00
3.138461538461538303e-01 0.000000000000000000e+00 2.380952380952380820e-01 1.020408163265306145e-01 0.000000000000000000e+00 0.000000000000000000e+00 3.469387755102040782e-01 3.469387755102040782e-01 3.469387755102040782e-01 0.000000000000000000e+00 3.766233766233766378e-01 0.000000000000000000e+00 1.000000000000000000e+00 7.303370786516854007e-01 3.766233766233766378e-01 0.000000000000000000e+00 0.000000000000000000e+00 0.000000000000000000e+00 0.000000000000000000e+00 0.000000000000000000e+00 0.000000000000000000e+00 0.000000000000000000e+00 5.000000000000000000e-01 5.882352941176470507e-02 0.000000000000000000e+00 0.000000000000000000e+00 3.766233766233766378e-01 0.000000000000000000e+00 0.000000000000000000e+00 0.000000000000000000e+00 0.000000000000000000e+00 3.419689119170984393e-01 0.000000000000000000e+00 1.794195250659630647e-01 7.142857142857142461e-02 0.000000000000000000e+00 0.000000000000000000e+00 0.000000000000000000e+00 0.000000000000000000e+00
2.144927536231883980e-01 0.000000000000000000e+00 1.910112359550561745e-01 5.732484076433121134e-02 0.000000000000000000e+00 0.000000000000000000e+00 2.356687898089172006e-01 2.356687898089172006e-01 2.356687898089172006e-01 0.000000000000000000e+00 4.634146341463414864e-01 0.000000000000000000e+00 7.303370786516854007e-01 1.000000000000000000e+00 4.634146341463414864e-01 0.000000000000000000e+00 0.000000000000000000e+00 0.000000000000000000e+00 0.000000000000000000e+00 0.000000000000000000e+00 0.000000000000000000e+00 0.000000000000000000e+00 6.705882352941175961e-01 4.672897196261682068e-02 0.000000000000000000e+00 0.000000000000000000e+00 2.682926829268292845e-01 0.000000000000000000e+00 0.000000000000000000e+00 0.000000000000000000e+00 0.000000000000000000e+00 2.561576354679803158e-01 0.000000000000000000e+00 1.403508771929824483e-01 5.617977528089887485e-02 0.000000000000000000e+00 0.000000000000000000e+00 0.000000000000000000e+00 0.000000000000000000e+00
1.414141414141414088e-01 0.000000000000000000e+00 2.207792207792207695e-01 6.766917293233082331e-02 0.000000000000000000e+00 0.000000000000000000e+00 1.578947368421052544e-01 1.578947368421052544e-01 1.578947368421052544e-01 0.000000000000000000e+00 1.000000000000000000e+00 0.000000000000000000e+00 3.766233766233766378e-01 4.634146341463414864e-01 1.000000000000000000e+00 0.000000000000000000e+00 0.000000000000000000e+00 0.000000000000000000e+00 0.000000000000000000e+00 0.000000000000000000e+00 0.000000000000000000e+00 0.000000000000000000e+00 7.808219178082191902e-01 5.263157894736841813e-02 0.000000000000000000e+00 0.000000000000000000e+00 3.142857142857142794e-01 0.000000000000000000e+00 0.000000000000000000e+00 0.000000000000000000e+00 0.000000000000000000e+00 1.564245810055865937e-01 0.000000000000000000e+00 1.595441595441595417e-01 6.493506493506492894e-02 0.000000000000000000e+00 0.000000000000000000e+00 0.000000000000000000e+00 0.000000000000000000e+00
0.000000000000000000e+00 0.000000000000000000e+00 0.000000000000000000e+00 0.000000000000000000e+00 0.000000000000000000e+00 1.000000000000000000e+00 0.000000000000000000e+00 0.000000000000000000e+00 0.000000000000000000e+00 0.000000000000000000e+00 0.000000000000000000e+00 0.000000000000000000e+00 0.000000000000000000e+00 0.000000000000000000e+00 0.000000000000000000e+00 1.000000000000000000e+00 3.333333333333333148e-01 1.000000000000000000e+00 0.000000000000000000e+00 0.000000000000000000e+00 1.000000000000000000e+00 3.417721518987341667e-01 0.000000000000000000e+00 0.000000000000000000e+00 1.463414634146341375e-01 0.000000000000000000e+00 0.000000000000000000e+00 0.000000000000000000e+00 0.000000000000000000e+00 0.000000000000000000e+00 1.690140845070422504e-01 0.000000000000000000e+00 0.000000000000000000e+00 0.000000000000000000e+00 0.000000000000000000e+00 3.417721518987341667e-01 0.000000000000000000e+00 0.000000000000000000e+00 1.463414634146341375e-01
0.000000000000000000e+00 0.000000000000000000e+00 0.000000000000000000e+00 0.000000000000000000e+00 1.250000000000000000e-01 3.333333333333333148e-01 0.000000000000000000e+00 0.000000000000000000e+00 0.000000000000000000e+00 0.000000000000000000e+00 0.000000000000000000e+00 0.000000000000000000e+00 0.000000000000000000e+00 0.000000000000000000e+00 0.000000000000000000e+00 3.333333333333333148e-01 1.000000000000000000e+00 3.333333333333333148e-01 4.230769230769230727e-01 0.000000000000000000e+00 3.333333333333333148e-01 1.735537190082644676e-01 0.000000000000000000e+00 1.428571428571428492e-01 8.064516129032257841e-02 1.250000000000000000e-01 0.000000000000000000e+00 0.000000000000000000e+00 0.000000000000000000e+00 0.000000000000000000e+00 5.309734513274336209e-02 0.000000000000000000e+00 0.000000000000000000e+00 0.000000000000000000e+00 0.000000000000000000e+00 1.735537190082644676e-01 0.000000000000000000e+00 7.692307692307692735e-02 8.064516129032257841e-02
0.000000000000000000e+00 0.000000000000000000e+00 0.000000000000000000e+00 0.000000000000000000e+00 0.000000000000000000e+00 1.000000000000000000e+00 0.000000000000000000e+00 0.000000000000000000e+00 0.000000000000000000e+00 0.000000000000000000e+00 0.000000000000000000e+00 0.000000000000000000e+00 0.000000000000000000e+00 0.000000000000000000e+00 0.000000000000000000e+00 1.000000000000000000e+00 3.333333333333333148e-01 1.000000000000000000e+00 0.000000000000000000e+00 0.000000000000000000e+00 1.000000000000000000e+00 3.417721518987341667e-01 0.000000000000000000e+00 0.000000000000000000e+00 1.463414634146341375e-01 0.000000000000000000e+00 0.000000000000000000e+00 0.000000000000000000e+00 0.000000000000000000e+00 0.000000000000000000e+00 1.690140845070422504e-01 0.000000000000000000e+00 0.000000000000000000e+00 0.000000000000000000e+00 0.000000000000000000e+00 3.417721518987341667e-01 0.000000000000000000e+00 0.000000000000000000e+00 1.463414634146341375e-01
0.000000000000000000e+00 0.000000000000000000e+00 0.000000000000000000e+00 0.000000000000000000e+00 1.764705882352941291e-01 0.000000000000000000e+00 0.000000000000000000e+00 0.000000000000000000e+00 0.000000000000000000e+00 0.000000000000000000e+00 0.000000000000000000e+00 0.000000000000000000e+00 0.000000000000000000e+00 0.000000000000000000e+00 0.000000000000000000e+00 0.000000000000000000e+00 4.230769230769230727e-01 0.000000000000000000e+00 1.000000000000000000e+00 0.000000000000000000e+00 0.000000000000000000e+00 0.000000000000000000e+00 0.000000000000000000e+00 0.000000000000000000e+00 4.166666666666666435e-02 1.764705882352941291e-01 0.000000000000000000e+00 0.000000000000000000e+00 0.000000000000000000e+00 0.000000000000000000e+00 0.000000000000000000e+00 0.000000000000000000e+00 0.000000000000000000e+00 0.000000000000000000e+00 0.000000000000000000e+00 0.000000000000000000e+00 0.000000000000000000e+00 1.011235955056179747e-01 4.166666666666666435e-02
0.000000000000000000e+00 0.000000000000000000e+00 0.000000000000000000e+00 0.000000000000000000e+00 0.000000000000000000e+00 0.000000000000000000e+00 0.000000000000000000e+00 0.000000000000000000e+00 0.000000000000000000e+00 9.574468085106382920e-02 0.000000000000000000e+00 0.000000000000000000e+00 0.000000000000000000e+00 0.000000000000000000e+00 0.000000000000000000e+00 0.000000000000000000e+00 0.000000000000000000e+00 0.000000000000000000e+00 0.000000000000000000e+00 1.000000000000000000e+00 0.000000000000000000e+00 0.000000000000000000e+00 0.000000000000000000e+00 0.000000000000000000e+00 0.000000000000000000e+00 0.000000000000000000e+00 0.000000000000000000e+00 4.255319148936170109e-02 2.970297029702970160e-02 0.000000000000000000e+00 0.000000000000000000e+00 0.000000000000000000e+00 2.764976958525345793e-02 0.000000000000000000e+00 4.081632653061224164e-02 0.000000000000000000e+00 0.000000000000000000e+00 0.000000000000000000e+00 0.000000000000000000e+00
0.000000000000000000e+00 0.000000000000000000e+00 0.000000000000000000e+00 0.000000000000000000e+00 0.000000000000000000e+00 1.000000000000000000e+00 0.000000000000000000e+00 0.000000000000000000e+00 0.000000000000000000e+00 0.000000000000000000e+00 0.000000000000000000e+00 0.000000000000000000e+00 0.000000000000000000e+00 0.000000000000000000e+00 0.000000000000000000e+00 1.000000000000000000e+00 3.333333333333333148e-01 1.000000000000000000e+00 0.000000000000000000e+00 0.000000000000000000e+00 1.000000000000000000e+00 3.417721518987341667e-01 0.000000000000000000e+00 0.000000000000000000e+00 1.463414634146341375e-01 0.000000000000000000e+00 0.000000000000000000e+00 0.000000000000000000e+00 0.000000000000000000e+00 0.000000000000000000e+00 1.690140845070422504e-01 0.000000000000000000e+00 0.000000000000000000e+00 0.000000000000000000e+00 0.000000000000000000e+00 3.417721518987341667e-01 0.000000000000000000e+00 0.000000000000000000e+00 1.463414634146341375e-01
0.000000000000000000e+00 0.000000000000000000e+00 0.000000000000000000e+00 0.000000000000000000e+00 0.000000000000000000e+00 3.417721518987341667e-01 0.000000000000000000e+00 0.000000000000000000e+00 0.000000000000000000e+00 0.000000000000000000e+00 0.000000000000000000e+00 0.000000000000000000e+00 0.000000000000000000e+00 0.000000000000000000e+00 0.000000000000000000e+00 3.417721518987341667e-01 1.735537190082644676e-01 3.417721518987341667e-01 0.000000000000000000e+00 0.000000000000000000e+00 3.417721518987341667e-01 1.000000000000000000e+00 0.000000000000000000e+00 1.739130434782608647e-01 4.424778761061946841e-02 0.000000000000000000e+00 0.000000000000000000e+00 0.000000000000000000e+00 2.999999999999999889e-01 0.000000000000000000e+00 4.901960784313725422e-02 0.000000000000000000e+00 0.000000000000000000e+00 0.000000000000000000e+00 0.000000000000000000e+00 1.000000000000000000e+00 0.000000000000000000e+00 0.000000000000000000e+00 4.424778761061946841e-02
2.265372168284789656e-01 0.000000000000000000e+00 2.999999999999999889e-01 1.079136690647481966e-01 0.000000000000000000e+00 0.000000000000000000e+00 2.517985611510791255e-01 2.517985611510791255e-01 2.517985611510791255e-01 0.000000000000000000e+00 7.808219178082191902e-01 0.000000000000000000e+00 5.000000000000000000e-01 6.705882352941175961e-01 7.808219178082191902e-01 0.000000000000000000e+00 0.000000000000000000e+00 0.000000000000000000e+00 0.000000000000000000e+00 0.000000000000000000e+00 0.000000000000000000e+00 0.000000000000000000e+00 1.000000000000000000e+00 6.122448979591836593e-02 0.000000000000000000e+00 0.000000000000000000e+00 4.520547945205479201e-01 0.000000000000000000e+00 0.000000000000000000e+00 0.000000000000000000e+00 0.000000000000000000e+00 2.270270270270270396e-01 0.000000000000000000e+00 2.314049586776859568e-01 7.499999999999999722e-02 0.000000000000000000e+00 0.000000000000000000e+00 0.000000000000000000e+00 0.000000000000000000e+00
4.534005037783375019e-02 0.000000000000000000e+00 5.882352941176470507e-02 4.918032786885245811e-02 0.000000000000000000e+00 0.000000000000000000e+00 4.918032786885245811e-02 4.918032786885245811e-02 4.918032786885245811e-02 0.000000000000000000e+00 5.263157894736841813e-02 0.000000000000000000e+00 5.882352941176470507e-02 4.672897196261682068e-02 5.263157894736841813e-02 0.000000000000000000e+00 1.428571428571428492e-01 0.000000000000000000e+00 0.000000000000000000e+00 0.000000000000000000e+00 0.000000000000000000e+00 1.739130434782608647e-01 6.122448979591836593e-02 1.000000000000000000e+00 0.000000000000000000e+00 0.000000000000000000e+00 5.263157894736841813e-02 0.000000000000000000e+00 1.714285714285714302e-01 0.000000000000000000e+00 0.000000000000000000e+00 4.366812227074235581e-02 0.000000000000000000e+00 4.434589800443459323e-02 7.843137254901960675e-02 1.739130434782608647e-01 0.000000000000000000e+00 0.000000000000000000e+00 0.000000000000000000e+00
0.000000000000000000e+00 0.000000000000000000e+00 0.000000000000000000e+00 0.000000000000000000e+00 4.545454545454545581e-02 1.463414634146341375e-01 0.000000000000000000e+00 0.000000000000000000e+00 0.000000000000000000e+00 0.000000000000000000e+00 0.000000000000000000e+00 0.000000000000000000e+00 0.000000000000000000e+00 0.000000000000000000e+00 0.000000000000000000e+00 1.463414634146341375e-01 8.064516129032257841e-02 1.463414634146341375e-01 4.166666666666666435e-02 0.000000000000000000e+00 1.463414634146341375e-01 4.424778761061946841e-02 0.000000000000000000e+00 0.000000000000000000e+00 1.000000000000000000e+00 4.545454545454545581e-02 0.000000000000000000e+00 0.000000000000000000e+00 0.000000000000000000e+00 0.000000000000000000e+00 2.285714285714285643e-01 0.000000000000000000e+00 0.000000000000000000e+00 0.000000000000000000e+00 0.000000000000000000e+00 4.424778761061946841e-02 0.000000000000000000e+00 2.752293577981651529e-02 1.000000000000000000e+00
0.000000000000000000e+00 0.000000000000000000e+00 0.000000000000000000e+00 0.000000000000000000e+00 1.000000000000000000e+00 0.000000000000000000e+00 0.000000000000000000e+00 0.000000000000000000e+00 0.000000000000000000e+00 0.000000000000000000e+00 0.000000000000000000e+00 0.000000000000000000e+00 0.000000000000000000e+00 0.000000000000000000e+00 0.000000000000000000e+00 0.000000000000000000e+00 1.250000000000000000e-01 0.000000000000000000e+00 1.764705882352941291e-01 0.000000000000000000e+00 0.000000000000000000e+00 0.000000000000000000e+00 0.000000000000000000e+00 0.000000000000000000e+00 4.545454545454545581e-02 1.000000000000000000e+00 0.000000000000000000e+00 0.000000000000000000e+00 0.000000000000000000e+00 0.000000000000000000e+00 0.000000000000000000e+00 0.000000000000000000e+00 0.000000000000000000e+00 0.000000000000000000e+00 0.000000000000000000e+00 0.000000000000000000e+00 0.000000000000000000e+00 1.111111111111111049e-01 4.545454545454545581e-02
1.414141414141414088e-01 0.000000000000000000e+00 2.207792207792207695e-01 6.766917293233082331e-02 0.000000000000000000e+00 0.000000000000000000e+00 1.578947368421052544e-01 1.578947368421052544e-01 1.578947368421052544e-01 0.000000000000000000e+00 3.142857142857142794e-01 0.000000000000000000e+00 3.766233766233766378e-01 2.682926829268292845e-01 3.142857142857142794e-01 0.000000000000000000e+00 0.000000000000000000e+00 0.000000000000000000e+00 0.000000000000000000e+00 0.000000000000000000e+00 0.000000000000000000e+00 0.000000000000000000e+00 4.520547945205479201e-01 5.263157894736841813e-02 0.000000000000000000e+00 0.000000000000000000e+00 1.000000000000000000e+00 0.000000000000000000e+00 0.000000000000000000e+00 0.000000000000000000e+00 0.000000000000000000e+00 1.564245810055865937e-01 0.000000000000000000e+00 1.595441595441595417e-01 6.493506493506492894e-02 0.000000000000000000e+00 0.000000000000000000e+00 0.000000000000000000e+00 0.000000000000000000e+00
0.000000000000000000e+00 0.000000000000000000e+00 0.000000000000000000e+00 0.000000000000000000e+00 0.000000000000000000e+00 0.000000000000000000e+00 0.000000000000000000e+00 0.000000000000000000e+00 0.000000000000000000e+00 3.947368421052631360e-02 0.000000000000000000e+00 0.000000000000000000e+00 0.000000000000000000e+00 0.000000000000000000e+00 0.000000000000000000e+00 0.000000000000000000e+00 0.000000000000000000e+00 0.000000000000000000e+00 0.000000000000000000e+00 4.255319148936170109e-02 0.000000000000000000e+00 0.000000000000000000e+00 0.000000000000000000e+00 0.000000000000000000e+00 0.000000000000000000e+00 0.000000000000000000e+00 0.000000000000000000e+00 1.000000000000000000e+00 1.084337349397590383e-01 0.000000000000000000e+00 0.000000000000000000e+00 0.000000000000000000e+00 3.314917127071823066e-02 0.000000000000000000e+00 1.499999999999999944e-01 0.000000000000000000e+00 0.000000000000000000e+00 0.000000000000000000e+00 0.000000000000000000e+00
0.000000000000000000e+00 0.000000000000000000e+00 0.000000000000000000e+00 0.000000000000000000e+00 0.000000000000000000e+00 0.000000000000000000e+00 0.000000000000000000e+00 0.000000000000000000e+00 0.000000000000000000e+00 2.409638554216867595e-02 0.000000000000000000e+00 0.000000000000000000e+00 0.000000000000000000e+00 0.000000000000000000e+00 0.000000000000000000e+00 0.000000000000000000e+00 0.000000000000000000e+00 0.000000000000000000e+00 0.000000000000000000e+00 2.970297029702970160e-02 0.000000000000000000e+00 2.999999999999999889e-01 0.000000000000000000e+00 1.714285714285714302e-01 0.000000000000000000e+00 0.000000000000000000e+00 0.000000000000000000e+00 1.084337349397590383e-01 1.000000000000000000e+00 0.000000000000000000e+00 0.000000000000000000e+00 0.000000000000000000e+00 2.051282051282051280e-02 0.000000000000000000e+00 1.034482758620689641e-01 2.999999999999999889e-01 0.000000000000000000e+00 0.000000000000000000e+00 0.000000000000000000e+00
0.000000000000000000e+00 0.000000000000000000e+00 0.000000000000000000e+00 0.000000000000000000e+00 0.000000000000000000e+00 0.000000000000000000e+00 0.000000000000000000e+00 0.000000000000000000e+00 0.000000000000000000e+00 2.739726027397260122e-02 0.000000000000000000e+00 0.000000000000000000e+00 0.000000000000000000e+00 0.000000000000000000e+00 0.000000000000000000e+00 0.000000000000000000e+00 0.000000000000000000e+00 0.000000000000000000e+00 0.000000000000000000e+00 0.000000000000000000e+00 0.000000000000000000e+00 0.000000000000000000e+00 0.000000000000000000e+00 0.000000000000000000e+00 0.000000000000000000e+00 0.000000000000000000e+00 0.000000000000000000e+00 0.000000000000000000e+00 0.000000000000000000e+00 1.000000000000000000e+00 4.634146341463414864e-01 0.000000000000000000e+00 0.000000000000000000e+00 1.025641025641025605e-01 0.000000000000000000e+00 0.000000000000000000e+00 0.000000000000000000e+00 0.000000000000000000e+00 0.000000000000000000e+00
0.000000000000000000e+00 0.000000000000000000e+00 0.000000000000000000e+00 0.000000000000000000e+00 0.000000000000000000e+00 1.690140845070422504e-01 0.000000000000000000e+00 0.000000000000000000e+00 0.000000000000000000e+00 2.352941176470588203e-02 0.000000000000000000e+00 0.000000000000000000e+00 0.000000000000000000e+00 0.000000000000000000e+00 0.000000000000000000e+00 1.690140845070422504e-01 5.309734513274336209e-02 1.690140845070422504e-01 0.000000000000000000e+00 0.000000000000000000e+00 1.690140845070422504e-01 4.901960784313725422e-02 0.000000000000000000e+00 0.000000000000000000e+00 2.285714285714285643e-01 0.000000000000000000e+00 0.000000000000000000e+00 0.000000000000000000e+00 0.000000000000000000e+00 4.634146341463414864e-01 1.000000000000000000e+00 0.000000000000000000e+00 0.000000000000000000e+00 9.022556390977443108e-02 0.000000000000000000e+00 4.901960784313725422e-02 0.000000000000000000e+00 0.000000000000000000e+00 2.285714285714285643e-01
7.439999999999999947e-01 0.000000000000000000e+00 1.761658031088082776e-01 5.232558139534883995e-02 0.000000000000000000e+00 0.000000000000000000e+00 2.616279069767442067e-01 2.616279069767442067e-01 2.616279069767442067e-01 0.000000000000000000e+00 1.564245810055865937e-01 0.000000000000000000e+00 3.419689119170984393e-01 2.561576354679803158e-01 1.564245810055865937e-01 0.000000000000000000e+00 0.000000000000000000e+00 0.000000000000000000e+00 0.000000000000000000e+00 0.000000000000000000e+00 0.000000000000000000e+00 0.000000000000000000e+00 2.270270270270270396e-01 4.366812227074235581e-02 0.000000000000000000e+00 0.000000000000000000e+00 1.564245810055865937e-01 0.000000000000000000e+00 0.000000000000000000e+00 0.000000000000000000e+00 0.000000000000000000e+00 1.000000000000000000e+00 0.000000000000000000e+00 1.305361305361305291e-01 5.181347150259067030e-02 0.000000000000000000e+00 0.000000000000000000e+00 0.000000000000000000e+00 0.000000000000000000e+00
0.000000000000000000e+00 0.000000000000000000e+00 0.000000000000000000e+00 0.000000000000000000e+00 0.000000000000000000e+00 0.000000000000000000e+00 0.000000000000000000e+00 0.000000000000000000e+00 0.000000000000000000e+00 2.209944751381215378e-02 0.000000000000000000e+00 4.522613065326633319e-02 0.000000000000000000e+00 0.000000000000000000e+00 0.000000000000000000e+00 0.000000000000000000e+00 0.000000000000000000e+00 0.000000000000000000e+00 0.000000000000000000e+00 2.764976958525345793e-02 0.000000000000000000e+00 0.000000000000000000e+00 0.000000000000000000e+00 0.000000000000000000e+00 0.000000000000000000e+00 0.000000000000000000e+00 0.000000000000000000e+00 3.314917127071823066e-02 2.051282051282051280e-02 0.000000000000000000e+00 0.000000000000000000e+00 0.000000000000000000e+00 1.000000000000000000e+00 0.000000000000000000e+00 3.174603174603174427e-02 0.000000000000000000e+00 0.000000000000000000e+00 0.000000000000000000e+00 0.000000000000000000e+00
1.141304347826086890e-01 0.000000000000000000e+00 1.794195250659630647e-01 5.341246290801186791e-02 0.000000000000000000e+00 0.000000000000000000e+00 1.246290801186943631e-01 1.246290801186943631e-01 1.246290801186943631e-01 3.305785123966942241e-02 1.595441595441595417e-01 1.578947368421052544e-01 1.794195250659630647e-01 1.403508771929824483e-01 1.595441595441595417e-01 0.000000000000000000e+00 0.000000000000000000e+00 0.000000000000000000e+00 0.000000000000000000e+00 0.000000000000000000e+00 0.000000000000000000e+00 0.000000000000000000e+00 2.314049586776859568e-01 4.434589800443459323e-02 0.000000000000000000e+00 0.000000000000000000e+00 1.595441595441595417e-01 0.000000000000000000e+00 0.000000000000000000e+00 1.025641025641025605e-01 9.022556390977443108e-02 1.305361305361305291e-01 0.000000000000000000e+00 1.000000000000000000e+00 5.277044854881266650e-02 0.000000000000000000e+00 2.238805970149253810e-01 1.518072289156626453e-01 0.000000000000000000e+00
5.538461538461538630e-02 0.000000000000000000e+00 7.142857142857142461e-02 6.122448979591836593e-02 0.000000000000000000e+00 0.000000000000000000e+00 6.122448979591836593e-02 6.122448979591836593e-02 6.122448979591836593e-02 3.749999999999999861e-02 6.493506493506492894e-02 0.000000000000000000e+00 7.142857142857142461e-02 5.617977528089887485e-02 6.493506493506492894e-02 0.000000000000000000e+00 0.000000000000000000e+00 0.000000000000000000e+00 0.000000000000000000e+00 4.081632653061224164e-02 0.000000000000000000e+00 0.000000000000000000e+00 7.499999999999999722e-02 7.843137254901960675e-02 0.000000000000000000e+00 0.000000000000000000e+00 6.493506493506492894e-02 1.499999999999999944e-01 1.034482758620689641e-01 0.000000000000000000e+00 0.000000000000000000e+00 5.181347150259067030e-02 3.174603174603174427e-02 5.277044854881266650e-02 1.000000000000000000e+00 0.000000000000000000e+00 0.000000000000000000e+00 0.000000000000000000e+00 0.000000000000000000e+00
0.000000000000000000e+00 0.000000000000000000e+00 0.000000000000000000e+00 0.000000000000000000e+00 0.000000000000000000e+00 3.417721518987341667e-01 0.000000000000000000e+00 0.000000000000000000e+00 0.000000000000000000e+00 0.000000000000000000e+00 0.000000000000000000e+00 0.000000000000000000e+00 0.000000000000000000e+00 0.000000000000000000e+00 0.000000000000000000e+00 3.417721518987341667e-01 1.735537190082644676e-01 3.417721518987341667e-01 0.000000000000000000e+00 0.000000000000000000e+00 3.417721518987341667e-01 1.000000000000000000e+00 0.000000000000000000e+00 1.739130434782608647e-01 4.424778761061946841e-02 0.000000000000000000e+00 0.000000000000000000e+00 0.000000000000000000e+00 2.999999999999999889e-01 0.000000000000000000e+00 4.901960784313725422e-02 0.000000000000000000e+00 0.000000000000000000e+00 0.000000000000000000e+00 0.000000000000000000e+00 1.000000000000000000e+00 0.000000000000000000e+00 0.000000000000000000e+00 4.424778761061946841e-02
0.000000000000000000e+00 0.000000000000000000e+00 0.000000000000000000e+00 0.000000000000000000e+00 0.000000000000000000e+00 0.000000000000000000e+00 0.000000000000000000e+00 0.000000000000000000e+00 0.000000000000000000e+00 0.000000000000000000e+00 0.000000000000000000e+00 2.692307692307692180e-01 0.000000000000000000e+00 0.000000000000000000e+00 0.000000000000000000e+00 0.000000000000000000e+00 0.000000000000000000e+00 0.000000000000000000e+00 0.000000000000000000e+00 0.000000000000000000e+00 0.000000000000000000e+00 0.000000000000000000e+00 0.000000000000000000e+00 0.000000000000000000e+00 0.000000000000000000e+00 0.000000000000000000e+00 0.000000000000000000e+00 0.000000000000000000e+00 0.000000000000000000e+00 0.000000000000000000e+00 0.000000000000000000e+00 0.000000000000000000e+00 0.000000000000000000e+00 2.238805970149253810e-01 0.000000000000000000e+00 0.000000000000000000e+00 1.000000000000000000e+00 3.292682926829268442e-01 0.000000000000000000e+00
0.000000000000000000e+00 0.000000000000000000e+00 0.000000000000000000e+00 0.000000000000000000e+00 1.111111111111111049e-01 0.000000000000000000e+00 0.000000000000000000e+00 0.000000000000000000e+00 0.000000000000000000e+00 0.000000000000000000e+00 0.000000000000000000e+00 2.244897959183673464e-01 0.000000000000000000e+00 0.000000000000000000e+00 0.000000000000000000e+00 0.000000000000000000e+00 7.692307692307692735e-02 0.000000000000000000e+00 1.011235955056179747e-01 0.000000000000000000e+00 0.000000000000000000e+00 0.000000000000000000e+00 0.000000000000000000e+00 0.000000000000000000e+00 2.752293577981651529e-02 1.111111111111111049e-01 0.000000000000000000e+00 0.000000000000000000e+00 0.000000000000000000e+00 0.000000000000000000e+00 0.000000000000000000e+00 0.000000000000000000e+00 0.000000000000000000e+00 1.518072289156626453e-01 0.000000000000000000e+00 0.000000000000000000e+00 3.292682926829268442e-01 1.000000000000000000e+00 2.752293577981651529e-02
0.000000000000000000e+00 0.000000000000000000e+00 0.000000000000000000e+00 0.000000000000000000e+00 4.545454545454545581e-02 1.463414634146341375e-01 0.000000000000000000e+00 0.000000000000000000e+00 0.000000000000000000e+00 0.000000000000000000e+00 0.000000000000000000e+00 0.000000000000000000e+00 0.000000000000000000e+00 0.000000000000000000e+00 0.000000000000000000e+00 1.463414634146341375e-01 8.064516129032257841e-02 1.463414634146341375e-01 4.166666666666666435e-02 0.000000000000000000e+00 1.463414634146341375e-01 4.424778761061946841e-02 0.000000000000000000e+00 0.000000000000000000e+00 1.000000000000000000e+00 4.545454545454545581e-02 0.000000000000000000e+00 0.000000000000000000e+00 0.000000000000000000e+00 0.000000000000000000e+00 2.285714285714285643e-01 0.000000000000000000e+00 0.000000000000000000e+00 0.000000000000000000e+00 0.000000000000000000e+00 4.424778761061946841e-02 0.000000000000000000e+00 2.752293577981651529e-02 1.000000000000000000e+00
